6.600253098589524161e+05 1.522942076480732299e+06
6.595988938496774063e+05 1.523800880293775350e+06
6.603898440949771320e+05 1.520817399268884212e+06
6.600621472052017925e+05 1.521652718135428382e+06
6.592327620837051654e+05 1.520181100555073237e+06
6.596754080465724692e+05 1.523717724293523468e+06
6.594592231793062529e+05 1.523940210002329433e+06
6.589885345706358785e+05 1.519855783801395213e+06
6.582452517507662997e+05 1.520202502934634220e+06
6.585966297832959099e+05 1.524683135323485592e+06
6.596920177280718926e+05 1.523699672904259525e+06
6.596457320642445702e+05 1.523749976211358095e+06
6.589501806356350426e+05 1.524467134618405951e+06
6.596863129060539650e+05 1.523705872896757908e+06
6.596607405540194595e+05 1.523745704193752492e+06
6.593399750415622257e+05 1.523968778086025035e+06
6.597395722323938971e+05 1.523672342776745092e+06
6.593569610941173742e+05 1.523793182512354804e+06
6.598653588241084944e+05 1.523512107153199380e+06
6.600067182339611463e+05 1.520808151206669398e+06
6.602085660584901925e+05 1.521646811306199059e+06
6.596427795498686610e+05 1.523753185015828116e+06
6.592791527522836113e+05 1.523618530047640204e+06
6.590526484661109280e+05 1.521774189364535734e+06
6.592142778949239291e+05 1.524215713339465670e+06
6.604195314144894946e+05 1.522408417822586140e+06
6.596790937567339279e+05 1.523713718663732056e+06
6.603630140742062358e+05 1.521339724332341459e+06
6.603625794994676253e+05 1.521342113823334686e+06
6.594437346495781094e+05 1.523968213012191234e+06
6.596656262950565433e+05 1.523740396722057136e+06
6.596397128309377003e+05 1.523756517939255340e+06
6.603968422131575644e+05 1.522948587402648991e+06
6.588112775240086485e+05 1.524639955442971317e+06
6.585785441757702501e+05 1.523187505726794479e+06
6.603070358942775056e+05 1.522138580327840988e+06
6.596643889915010659e+05 1.523729699812546838e+06
6.597994608762463322e+05 1.520955190662273206e+06
6.590780285631370498e+05 1.524384299254410900e+06
6.585727676941705868e+05 1.524662806090735365e+06
6.582381422506766394e+05 1.523516044472740032e+06
6.592872702806058805e+05 1.524136853805403924e+06
6.602952027559409617e+05 1.521658460819351021e+06
6.595425909782815725e+05 1.523861981949697947e+06
6.597404765217059758e+05 1.523671374755054247e+06
6.596331987117988756e+05 1.523763597516030539e+06
6.591506908172075637e+05 1.521131511067310115e+06
6.599525146772749722e+05 1.520333992422931362e+06
6.593842479267206509e+05 1.522173464840732282e+06
6.606189740738641704e+05 1.521251282645887462e+06
6.596717604061323218e+05 1.523721688550873660e+06
6.597037810763327871e+05 1.523710656621224247e+06
6.600485311052164761e+05 1.520825843481149524e+06
6.603310797364932951e+05 1.522166447559684049e+06
6.603335303483045427e+05 1.521469229437113740e+06
6.597154572630503681e+05 1.523686264574681874e+06
6.594962891152895754e+05 1.523871557457201416e+06
6.594832359736039070e+05 1.523849817144944798e+06
6.596510843653609045e+05 1.523744159311814001e+06
6.596777035183439730e+05 1.523715229574597906e+06
6.595657571374708787e+05 1.523823691140893381e+06
6.604614816880612634e+05 1.522879988737389678e+06
6.597565775093168486e+05 1.520816203256286681e+06
6.604654373190028127e+05 1.522468669559677131e+06
6.602270677806844469e+05 1.521500479105302365e+06
6.596536076868629316e+05 1.523753452765817288e+06
6.598178972683059983e+05 1.522702457266023150e+06
6.594482514783955412e+05 1.523952083466511453e+06
6.595973033932801336e+05 1.523802608816946624e+06
6.598013317991179647e+05 1.520927139147733804e+06
6.605121682042906759e+05 1.521639529386150418e+06
6.599748495905406307e+05 1.523394114685870474e+06
6.595609690907766344e+05 1.523828693306724308e+06
6.586573342864891747e+05 1.524666709976147627e+06
6.603581515632639639e+05 1.521336214722188190e+06
6.593959777140858350e+05 1.521576869170172140e+06
6.593422556257287506e+05 1.524077449143406702e+06
6.593636045554060256e+05 1.524044880341629498e+06
6.597928466446782695e+05 1.521719477290768176e+06
6.597320344700210262e+05 1.522596896143932594e+06
6.582036806465752888e+05 1.520196698045043508e+06
6.599611081961792661e+05 1.520803759047280997e+06
6.605890931496401317e+05 1.521249998079860350e+06
6.591913665035628946e+05 1.521939397467969218e+06
6.596749413385691587e+05 1.523718231511899270e+06
6.594337371853998629e+05 1.523978956357008312e+06
6.581936900092751021e+05 1.522427765923996223e+06
6.597668167762036901e+05 1.523393909620639170e+06
6.596228538610197138e+05 1.523763529381821863e+06
6.604206774718262022e+05 1.522870011398967821e+06
6.596814272976141656e+05 1.523711182572218124e+06
6.590955909723327495e+05 1.524371924444300588e+06
6.596704463055559900e+05 1.523723116716342513e+06
6.593919433978321031e+05 1.522713558307552710e+06
6.598355510625562165e+05 1.520809045467859833e+06
6.593342853834718699e+05 1.524086059952576179e+06
6.596775413583198097e+05 1.523715405810119119e+06
6.604279226888641715e+05 1.522872753756397869e+06
6.599695976760832127e+05 1.523426104466138408e+06
6.603772598380981945e+05 1.521211553485990968e+06
6.603506575058130547e+05 1.521439572001902619e+06
6.603306660974684637e+05 1.522993737221938092e+06
6.600657944521704921e+05 1.522239716157487594e+06
6.587957519959266065e+05 1.522221277372733457e+06
6.586100169062839122e+05 1.524660722735014977e+06
6.593364453240702860e+05 1.522105895138030406e+06
6.579829515512094367e+05 1.521340306411518948e+06
6.593205083728478057e+05 1.521894483130139764e+06
6.607638561699386919e+05 1.522388280050094239e+06
6.593715876189479604e+05 1.523925512056329055e+06
6.596746470282219816e+05 1.523741757866107626e+06
6.597981659573770594e+05 1.523584705335524166e+06
6.596857700605617138e+05 1.523706462860663189e+06
6.599558319320356240e+05 1.521658191954790847e+06
6.600372193811386824e+05 1.520811088533536065e+06
6.589576873293536482e+05 1.524430135823592078e+06
6.585226645986656658e+05 1.524633443711008877e+06
6.602882498332809191e+05 1.522625100941184908e+06
6.586100193303269334e+05 1.524673551967785461e+06
6.598854043128399644e+05 1.520798732826624997e+06
6.592054492247680901e+05 1.524225251703839051e+06
6.596759508916006889e+05 1.523717134329445660e+06
6.603373592259784928e+05 1.523026038147243205e+06
6.598700707158137811e+05 1.523507016234620009e+06
6.605741920747897821e+05 1.522593793166849995e+06
6.604979643791862763e+05 1.521246395686049480e+06
6.587934271139374468e+05 1.519852997143457178e+06
6.599129216070428956e+05 1.521659454691665946e+06
6.591137508385835681e+05 1.521128100299886661e+06
6.598619437513386365e+05 1.523515796937692445e+06
6.594998166646526661e+05 1.523876766347108176e+06
6.603883737965550972e+05 1.521051567248713691e+06
6.587670198501325212e+05 1.524661725197038148e+06
6.608716479624328203e+05 1.522326705144640757e+06
6.600467700636397349e+05 1.520921057060983265e+06
6.599373251716325758e+05 1.520801468858089298e+06
6.590295739101984072e+05 1.524427604411172448e+06
6.590153990527144633e+05 1.524442982640935807e+06
6.603651331773168640e+05 1.522267840812968323e+06
6.584892177970076445e+05 1.523363257449243683e+06
6.596730167257180437e+05 1.523743495897777844e+06
6.605889687488327036e+05 1.522198953719583340e+06
6.596774271527945530e+05 1.523715529928676551e+06
6.590099474286386976e+05 1.524448897086285753e+06
6.596368082723616390e+05 1.523759674627258442e+06
6.596824749197099591e+05 1.523710044017119100e+06
6.589201368016087217e+05 1.524534148673265940e+06
6.596444080805341946e+05 1.523751415121987928e+06
6.596753319095689803e+05 1.523717807039233623e+06
6.594612155510183657e+05 1.523938053879301762e+06
6.596531917808690341e+05 1.523730602214074926e+06
6.596794462593501667e+05 1.523713335563966772e+06
6.603672862991245929e+05 1.521358202156480635e+06
6.597982405069959350e+05 1.522678292003279086e+06
6.586126329639751930e+05 1.524661604632541770e+06
6.596646653567531612e+05 1.523729399458357599e+06
6.596790176197072724e+05 1.523713801409433596e+06
6.596862367689820239e+05 1.523705955642442452e+06
6.596749032700689277e+05 1.523718272884754697e+06
6.594869957929785596e+05 1.523910154824226862e+06
6.590019837765296688e+05 1.520675835421151714e+06
6.603680057348206174e+05 1.521276434183460660e+06
6.604579729549919721e+05 1.522873504421938444e+06
6.579679015835236060e+05 1.521051750468709273e+06
6.604006148891253397e+05 1.520937673220880562e+06
6.593195629461409990e+05 1.522068774953869870e+06
6.606649515727743274e+05 1.521254164805741049e+06
6.596833223132644780e+05 1.523709123070402537e+06
6.600145109789946582e+05 1.523332794392092153e+06
6.587263769879767206e+05 1.524658258280386217e+06
6.606787681366829202e+05 1.521255030931256479e+06
6.596872562089457642e+05 1.523704847716231365e+06
6.604530037559457123e+05 1.521244535756136524e+06
6.603975328022905160e+05 1.521152344150317600e+06
6.589842761707627214e+05 1.519898568786279997e+06
6.589052713343652431e+05 1.521591952416660497e+06
6.591908342397174565e+05 1.521938769235786982e+06
6.593674627797002904e+05 1.524050216144910548e+06
6.592748950207955204e+05 1.521946724510468543e+06
6.593624874388356693e+05 1.524046076502039330e+06
6.596991335557885468e+05 1.523703997236249270e+06
6.592239852944158483e+05 1.522775271661899984e+06
6.596623318191005383e+05 1.523731935551062226e+06
6.601766435400553746e+05 1.523207404029541183e+06
6.607679611320289550e+05 1.522382934331350727e+06
6.596888439974702196e+05 1.523715174937477335e+06
6.590551434921290493e+05 1.524409255553865340e+06
6.588833698617401533e+05 1.520998257497820305e+06
6.589194852640647441e+05 1.521587363484783564e+06
6.585410954723609611e+05 1.524666333618579432e+06
6.596605891753991600e+05 1.523745868639249355e+06
6.601189879457172938e+05 1.523055068310559727e+06
6.597018478646810399e+05 1.523701048643968534e+06
6.596832081076848553e+05 1.523709247188939946e+06
6.598008460927020060e+05 1.523581809586977586e+06
6.601595322543130023e+05 1.521648638824451482e+06
6.594701230647719931e+05 1.523928414270403329e+06
6.590310911116603529e+05 1.524425958408542443e+06
6.605517399110815022e+05 1.522568302030578023e+06
6.596747544229313498e+05 1.523730480673946906e+06
6.600486701619970845e+05 1.520818325087114004e+06
6.593165139406401431e+05 1.522134369047021260e+06
6.587163936874830397e+05 1.524660445515976055e+06
6.596510082285102690e+05 1.523744242057581199e+06
6.598869484712908743e+05 1.521194550009004539e+06
6.596657510458686156e+05 1.523728219529852504e+06
6.603855677798134275e+05 1.521127078217459377e+06
6.596817699143060017e+05 1.523710810216587968e+06
6.605176579115209170e+05 1.522717726741938619e+06
6.596784747745416826e+05 1.523714391373460181e+06
6.589520304126443807e+05 1.521626960863742745e+06
6.592086282261830056e+05 1.524184118192917434e+06
6.593757701657158323e+05 1.524012166066298960e+06
6.605098162041397300e+05 1.522798953155541327e+06
6.587225727979721269e+05 1.524659090973586543e+06
6.602241918373490917e+05 1.523117905881241430e+06
6.603946631849876139e+05 1.522916630042434670e+06
6.589678364575057058e+05 1.521098682290182216e+06
6.594998267492954619e+05 1.523907936270227423e+06
6.593341279445010005e+05 1.524086230045020580e+06
6.588352494104916696e+05 1.521121180866350885e+06
6.604230329407128738e+05 1.522867064318190096e+06
6.597596626900315750e+05 1.523616140813815175e+06
6.604592294032247737e+05 1.522460464021123946e+06
6.596769985132203437e+05 1.523715995774170384e+06
6.592396423561441479e+05 1.523999002506475896e+06
6.585738816636378178e+05 1.520266808872767724e+06
6.596905033966614865e+05 1.523701318677204661e+06
6.590811875509084202e+05 1.524345996924017789e+06
6.598032912643667078e+05 1.520226942291563144e+06
6.610116227951414185e+05 1.522071378112031845e+06
6.602991859645968070e+05 1.522092051096183015e+06
6.587125974525013007e+05 1.522214401702445466e+06
6.585628163733354304e+05 1.524645035887100035e+06
6.596817699143060017e+05 1.523710810216587968e+06
6.596883700826325221e+05 1.523703637159759179e+06
6.597038621637823526e+05 1.523643198355892440e+06
6.586090497554652393e+05 1.524638140467874939e+06
6.599793278265148401e+05 1.522871636613846989e+06
6.594305749863174278e+05 1.523982354480652139e+06
6.579650884975176305e+05 1.521000328853061423e+06
6.597882094157849206e+05 1.523555057931826916e+06
6.596710652873381041e+05 1.523722444006461417e+06
6.587603375099828700e+05 1.524698049291525735e+06
6.603964864265341312e+05 1.521162299735838315e+06
6.589734058915784117e+05 1.521676353956680512e+06
6.587934218368795700e+05 1.521112766247502295e+06
6.592406229736740934e+05 1.521959327342794742e+06
6.596825945772549603e+05 1.523721963782483945e+06
6.588369149955186294e+05 1.521122425686581992e+06
6.592821079603938852e+05 1.524097633278807858e+06
6.606981914769994328e+05 1.521255884349993663e+06
6.585301517598471837e+05 1.524650512867788319e+06
6.588257018783646636e+05 1.522730164607972605e+06
6.591433178343800828e+05 1.524292377799998736e+06
6.608503503868773114e+05 1.522276029383928515e+06
6.596580652014464140e+05 1.523736572519994806e+06
6.600239506885546725e+05 1.523370951355853118e+06
6.603138930270266719e+05 1.522868652228985680e+06
6.592207978966287337e+05 1.522253075848673237e+06
6.594904168243486201e+05 1.523862038580663502e+06
6.588094659769994905e+05 1.522760083741022274e+06
6.597405091928245965e+05 1.523636775453342590e+06
6.596762207752913237e+05 1.523740080127308611e+06
6.603691338295191526e+05 1.521348186558588874e+06
6.585345063734331634e+05 1.524636721783342771e+06
6.600101224678235594e+05 1.521659594947067788e+06
6.587237270607153187e+05 1.524658837944171391e+06
6.586290641769047361e+05 1.520484161274410784e+06
6.591718462781473063e+05 1.521916357732232194e+06
6.591515856025519315e+05 1.524283445364233339e+06
6.600262994668200845e+05 1.522943263466015225e+06
6.596648942114893580e+05 1.523741191997948103e+06
6.603982042323432397e+05 1.521146418752438854e+06
6.596908640636492055e+05 1.523712980508315144e+06
6.596017569213075330e+05 1.523809779442498693e+06
6.588486251661737915e+05 1.521370669355240650e+06
6.596652843382400461e+05 1.523728726748366607e+06
6.604097816034390125e+05 1.522931711714844219e+06
6.592601167580366600e+05 1.522206489715205738e+06
6.604090122101353481e+05 1.520760835610519163e+06
6.595006385615399340e+05 1.523895456561630359e+06
6.605284343151689973e+05 1.521247507228868781e+06
6.596785509115649620e+05 1.523714308627757244e+06
6.599064399621313205e+05 1.521659645157539286e+06
6.600476284516623709e+05 1.520874647099531488e+06
6.585071733384744730e+05 1.521106862668749876e+06
6.594634952243894804e+05 1.523935586842122022e+06
6.596780080664204434e+05 1.523714898591780802e+06
6.602423379965331405e+05 1.522075460117772454e+06
6.596860464263013564e+05 1.523706162506655324e+06
6.596785889800768346e+05 1.523714267254906474e+06
6.596830939021036029e+05 1.523709371307478053e+06
6.598325447629890405e+05 1.523537800009673694e+06
6.585974865513227414e+05 1.524652950516556622e+06
6.597336564199470449e+05 1.523678675525842933e+06
6.597842433790116338e+05 1.521079993669848889e+06
6.588518191624641186e+05 1.521276855028755730e+06
6.602504304285765393e+05 1.521644466688256944e+06
6.590694594742613845e+05 1.524314597936780192e+06
6.587338666125294985e+05 1.524656784536352148e+06
6.596083453171923757e+05 1.521754754295441322e+06
6.600475041636239039e+05 1.520881366927715717e+06
6.582256494886107976e+05 1.521429223487734096e+06
6.605215558442862239e+05 1.522495468983389437e+06
6.586374271755751688e+05 1.523075806236855919e+06
6.589339418297493830e+05 1.524531355630470905e+06
6.604441702949528117e+05 1.520496785079134861e+06
6.596541510870677885e+05 1.523740826389446622e+06
6.596819320743895369e+05 1.523710633981087944e+06
6.599107996123679914e+05 1.523453966174726142e+06
6.592638011319175130e+05 1.522026272398209432e+06
6.596200463932148414e+05 1.523777891536372015e+06
6.603175338444167282e+05 1.522101116901389090e+06
6.585527752305434551e+05 1.524657038946100976e+06
6.607864211561603006e+05 1.522398354960142635e+06
6.604017585847568698e+05 1.522374871246616123e+06
6.587342878199919360e+05 1.524656701654838165e+06
6.606849311878539156e+05 1.520932577086716192e+06
6.588629706934224814e+05 1.521157112075302983e+06
6.597028563749318710e+05 1.523677344473463716e+06
6.597034764502207981e+05 1.523699279488708358e+06
6.596346899107058998e+05 1.520080938341144938e+06
6.589250722208011430e+05 1.523981943319561193e+06
6.585380752064825501e+05 1.524652798501713900e+06
6.598384708411672618e+05 1.523541158069363097e+06
6.596900366880795918e+05 1.523701825895364163e+06
6.585493511860885192e+05 1.524668831345769810e+06
6.590681092476395424e+05 1.521793044554599561e+06
6.596773890842837282e+05 1.523715571301529417e+06
6.594390566797906067e+05 1.523962033995882375e+06
6.593741780206623953e+05 1.524010663421499776e+06
6.603221405948296888e+05 1.521525061669155024e+06
6.585302540331801865e+05 1.524650542369998991e+06
6.585657064484850271e+05 1.524673779562595533e+06
6.587781788305799710e+05 1.521931210443430813e+06
6.595350251657874323e+05 1.521430530624972424e+06
6.594857811327504460e+05 1.523854184611167293e+06
6.587858648202113109e+05 1.524646176799176028e+06
6.587635737649486400e+05 1.524660209957930492e+06
6.596763033941255417e+05 1.523716751229646383e+06
6.578499876796209719e+05 1.521536665448497981e+06
6.598195530976608861e+05 1.523561597652896307e+06
6.605959897910631262e+05 1.522705899462228874e+06
6.590318051996045979e+05 1.523423351776429685e+06
6.590171795594098512e+05 1.524428940334228799e+06
6.609800558601673692e+05 1.522110243334199535e+06
6.596927128480678657e+05 1.523698917449130677e+06
6.585400752201625146e+05 1.524666024946308462e+06
6.601669708796939813e+05 1.522176635133875767e+06
6.596794081908357330e+05 1.523713376936816610e+06
6.594792238442500820e+05 1.523930076171656605e+06
6.594775505517494166e+05 1.523840061028441647e+06
6.598550245314989006e+05 1.523523272750579519e+06
6.592562423487894703e+05 1.522211084804986371e+06
6.588741052818469470e+05 1.524604736083295662e+06
6.596300833830276970e+05 1.520504524946973426e+06
6.593180650911022676e+05 1.524103583890417125e+06
6.590732472232510336e+05 1.521799305690692738e+06
6.597076756229980383e+05 1.522542557551867329e+06
6.586469788518709829e+05 1.520041836775032803e+06
6.589172930137662916e+05 1.521584399056028109e+06
6.604024364929153817e+05 1.521077103393255267e+06
6.592310053891114658e+05 1.524005710125518963e+06
6.581964508217474213e+05 1.520813682894315338e+06
6.589061721739711938e+05 1.520499480294463923e+06
6.596810367264179513e+05 1.523711607044810429e+06
6.603186212427644059e+05 1.523050982705485076e+06
6.588386473543064203e+05 1.522707473281845450e+06
6.587436438104041154e+05 1.524684793500145432e+06
6.596759508916006889e+05 1.523717134329445660e+06
6.592951908690396231e+05 1.522040456263012718e+06
6.600476709147982765e+05 1.520872351260240423e+06
6.598527469639376504e+05 1.523525733530568425e+06
6.586312340057661058e+05 1.521948172700994648e+06
6.587330500449482352e+05 1.524372162419320550e+06
6.590598392853904516e+05 1.524382691399449948e+06
6.598204182433859678e+05 1.523550791349852923e+06
6.590106617217707681e+05 1.524448122152302414e+06
6.597759796853258740e+05 1.521513341107867192e+06
6.606874315702272579e+05 1.522484899000966689e+06
6.596570175814635586e+05 1.523737711075879866e+06
6.602938255928874714e+05 1.521952924570831470e+06
6.596973700496300589e+05 1.523693856012340169e+06
6.598535007272050716e+05 1.523524919132960960e+06
6.588242208881196566e+05 1.524624017155564157e+06
6.588571152781553101e+05 1.521517136660045944e+06
6.594690223391496111e+05 1.521148995379994623e+06
6.586223740139278816e+05 1.524664888434507651e+06
6.596759128230971983e+05 1.523717175702299690e+06
6.591742218615181046e+05 1.524279928090300411e+06
6.596863129060539650e+05 1.523705872896757908e+06
6.596725829805564135e+05 1.523732839549549855e+06
6.594896547612585127e+05 1.523847737101573031e+06
6.603606174437664449e+05 1.521352902106855530e+06
6.606787681366829202e+05 1.521255030931256479e+06
6.588451877897016238e+05 1.521426498377476353e+06
6.597702378350406652e+05 1.521629826147437561e+06
6.592326879980447702e+05 1.524195823367046658e+06
6.599255551621498307e+05 1.522792573730896227e+06
6.601281452063628240e+05 1.520978869880981976e+06
6.589805813670068746e+05 1.522525503791450523e+06
6.593496305617016042e+05 1.524069481491944054e+06
6.592762524231224088e+05 1.522041266451421892e+06
6.591206502033388242e+05 1.521856024048388237e+06
6.585737390374182723e+05 1.524658975963732228e+06
6.583978937371224165e+05 1.523562323895823909e+06
6.596683914759091567e+05 1.523737392855741316e+06
6.583205105162484106e+05 1.522345326372189913e+06
6.608157490921120625e+05 1.522071062811749289e+06
6.594967542032391066e+05 1.523923581358005526e+06
6.594850034170434810e+05 1.523912310945673380e+06
6.586228631087103859e+05 1.523764303540883120e+06
6.598468252873378806e+05 1.521191191946770297e+06
6.597881782850702293e+05 1.521265745318632806e+06
6.597771136238469044e+05 1.523545451457384974e+06
6.599627623276129598e+05 1.522935876914023887e+06
6.591681204240360530e+05 1.521911960110779619e+06
6.597435490341210971e+05 1.522586765760044334e+06
6.600929695496036438e+05 1.523297897379361093e+06
6.594823213695059530e+05 1.523926747564843157e+06
6.600100229865773581e+05 1.522788754653074546e+06
6.596397508993274532e+05 1.523756476566369180e+06
6.594317260817124043e+05 1.523981117504456313e+06
6.597123266580925556e+05 1.523689665390278213e+06
6.605839669173799921e+05 1.522714005851978203e+06
6.590740862368051894e+05 1.524321224613749189e+06
6.590331318973145681e+05 1.524231242798880907e+06
6.589498294895254076e+05 1.524523097696335521e+06
6.596838270901161013e+05 1.523708574479301926e+06
6.597086780017729616e+05 1.523693628973025363e+06
6.596804988229672890e+05 1.523724240434866631e+06
6.598404160634032451e+05 1.523539056365891360e+06
6.591680442953370512e+05 1.521911870256209048e+06
6.595358343750089407e+05 1.520775024679797236e+06
6.604025917322402820e+05 1.521063822899380932e+06
6.605657845154319657e+05 1.522729869188988116e+06
6.593460026112277992e+05 1.524095390441585798e+06
6.594176836858825991e+05 1.522973576320548076e+06
6.596189987765185069e+05 1.523779030093481066e+06
6.603587220244291238e+05 1.522295940912679071e+06
6.584891771177847404e+05 1.523363349643704947e+06
6.603254994929835666e+05 1.521561644997947617e+06
6.596810747949375072e+05 1.523711565671961987e+06
6.595122717515060212e+05 1.523882810640637297e+06
6.596557034824857255e+05 1.523739139241943602e+06
6.596838651586471824e+05 1.523708533106456976e+06
6.597036991695414763e+05 1.522537657473110594e+06
6.596822746910955757e+05 1.523710261625463376e+06
6.587861284481068142e+05 1.521113449693533825e+06
6.582105737970460905e+05 1.520419561659751227e+06
6.605204596664035926e+05 1.520924494677125243e+06
6.596704843740423676e+05 1.523723075343481731e+06
6.594925731003133114e+05 1.523865605986313196e+06
6.593249942058129236e+05 1.522099966502751457e+06
6.603810706958798692e+05 1.521283090428536059e+06
6.589724297503770795e+05 1.520914396186919184e+06
6.584056789747941075e+05 1.521554415820728522e+06
6.592796155597636243e+05 1.524145123784961877e+06
6.596710272188499803e+05 1.523722485379321501e+06
6.604656587106115185e+05 1.521617096778287087e+06
6.589783020509859780e+05 1.519813966606948525e+06
6.603922457681274973e+05 1.522919819130877731e+06
6.604662789702700684e+05 1.521699780401146971e+06
6.587804187294119038e+05 1.524647226770140696e+06
6.588363938916387269e+05 1.524615172651021974e+06
6.592385912161252927e+05 1.524189445636002347e+06
6.603663173883209238e+05 1.521363454694813816e+06
6.591846425582394004e+05 1.521931461183807813e+06
6.594018048795950599e+05 1.522039452036892297e+06
6.598809341124481289e+05 1.521651570546475472e+06
6.585769850974739529e+05 1.524664022670261329e+06
6.596417319312097970e+05 1.523754323572204914e+06
6.592611002241201932e+05 1.524165127345195971e+06
6.592253001692735124e+05 1.522484865627082298e+06
6.595399347602117341e+05 1.523851964561254485e+06
6.593163629211673979e+05 1.522065056737910025e+06
6.606098887879331596e+05 1.520900741637800587e+06
6.589250722208011430e+05 1.523981943319561193e+06
6.591170232426095754e+05 1.522384255226081470e+06
6.598825075585227460e+05 1.520799332046331838e+06
6.589368186977433506e+05 1.520411671402547974e+06
6.592685951471858425e+05 1.522176915234121727e+06
6.592607819510382833e+05 1.524187096933222376e+06
6.584792563795422902e+05 1.521566271270760568e+06
6.603105808679511538e+05 1.520832570515590720e+06
6.603628528289881069e+05 1.522305083292087540e+06
6.600686135915825143e+05 1.521652353646456730e+06
6.593077014841636410e+05 1.522054992732807063e+06
6.585930658446620218e+05 1.524682057062437059e+06
6.593713319401018089e+05 1.524007977330133319e+06
6.591512879516560351e+05 1.524283766943939030e+06
6.588784072350254282e+05 1.521052176674116170e+06
6.603666756318050902e+05 1.522834377309060888e+06
6.592675273466587532e+05 1.522030759565701708e+06
6.598608225260124309e+05 1.523517008355745580e+06
6.595634099171232665e+05 1.523324676097497111e+06
6.603327609447193099e+05 1.523032159510284895e+06
6.597823333691465668e+05 1.523613898708147928e+06
6.604024190702429041e+05 1.520927751697450178e+06
6.593763575511532836e+05 1.524012720432762289e+06
6.602084593183097895e+05 1.521225188549055951e+06
6.591473387896275381e+05 1.524309063222207595e+06
6.590932700946429977e+05 1.521126209280956769e+06
6.586515825999818044e+05 1.520043346408825368e+06
6.597640182244265452e+05 1.523646173915737076e+06
6.587841691356358351e+05 1.521784628792069154e+06
6.590456591614049394e+05 1.524398064554788405e+06
6.589062482052873820e+05 1.520750730710096192e+06
6.596291985828955658e+05 1.523767944878418697e+06
6.593505199011338409e+05 1.522131426187617704e+06
6.588895317130866461e+05 1.524567329235869227e+06
6.605418185760063352e+05 1.522757662677812390e+06
6.593752595148250693e+05 1.522061267256164225e+06
6.602369180256751133e+05 1.522144264974865131e+06
6.597587030948945321e+05 1.523529512084322283e+06
6.596668367350841872e+05 1.523727039601383731e+06
6.594602373214163817e+05 1.523939112508656690e+06
6.591964459012147272e+05 1.524234978770643240e+06
6.582892179466795642e+05 1.522335502969742287e+06
6.596759508916006889e+05 1.523717134329445660e+06
6.604761782224522904e+05 1.522482866756839678e+06
6.585713553870624164e+05 1.524662398687642301e+06
6.582588660039008828e+05 1.521510587723709876e+06
6.594814400168564171e+05 1.523846735303452937e+06
6.592788774976471905e+05 1.522820830421761610e+06
6.591108386737450492e+05 1.521844464789031306e+06
6.588665563492346555e+05 1.521118642896112287e+06
6.596055799953597598e+05 1.523793613730118377e+06
6.596606010588025674e+05 1.520560477045813575e+06
6.596816176402195124e+05 1.523710975707978476e+06
6.590291796164648840e+05 1.524428032178144436e+06
6.597484744659191929e+05 1.523662813136476092e+06
6.603668733181774151e+05 1.521360440957356943e+06
6.588902553518740460e+05 1.521571524370427243e+06
6.599404756440678611e+05 1.523457281777347671e+06
6.589556052256363910e+05 1.520042667796501890e+06
6.594692263510816265e+05 1.523940819505536696e+06
6.586090135116635356e+05 1.524639143663188908e+06
6.590732016811087960e+05 1.521335450854616705e+06
6.598408186426854227e+05 1.523538621401651995e+06
6.604086186738453107e+05 1.522916067265265854e+06
6.603679851779416203e+05 1.521354413482467644e+06
6.588789683469741140e+05 1.520907424433252774e+06
6.594126882166734431e+05 1.524001575764378998e+06
6.592543360160785960e+05 1.523753636976791779e+06
6.598594848970770836e+05 1.523508941509771859e+06
6.595851899894168600e+05 1.521009901030172128e+06
6.586900366294595879e+05 1.524664444507077103e+06
6.589883223386158934e+05 1.524460225603468483e+06
6.603653251988894772e+05 1.521327016717208084e+06
6.592891363646341488e+05 1.521566380378825823e+06
6.592282807199114468e+05 1.523671111620819895e+06
6.597846186954235891e+05 1.521337929713627324e+06
6.588774892655725125e+05 1.522813082867844729e+06
6.599883810931772459e+05 1.522897782378805103e+06
6.591598070039976155e+05 1.521132352797583444e+06
6.603282252272658516e+05 1.522214682036444545e+06
6.592018276653344510e+05 1.521951743330996949e+06
6.596932937624291517e+05 1.523698286112507340e+06
6.593264135001449613e+05 1.524107544004923431e+06
6.588709390026030596e+05 1.524578177454535384e+06
6.601252785806630272e+05 1.523250868315284606e+06
6.590284015054225456e+05 1.522777397548201960e+06
6.588348480133393314e+05 1.524646504721573787e+06
6.597410267067517852e+05 1.522548009332526475e+06
6.605611302404650487e+05 1.522686683104263153e+06
6.584822407221451867e+05 1.520572159377566772e+06
6.603826505872280104e+05 1.521159567497616168e+06
6.595038777520580916e+05 1.523915874983431771e+06
6.589599660940853646e+05 1.523158318887436995e+06
6.594021737637784099e+05 1.524002589907806367e+06
6.598204122135774232e+05 1.523560669424352469e+06
6.596709510818739654e+05 1.523722568125042133e+06
6.587863747618668713e+05 1.524702578931673663e+06
6.591957007370447973e+05 1.521944512807974825e+06
6.592852033150061034e+05 1.524139086905504810e+06
6.594775618808213621e+05 1.523931862121350365e+06
6.584706256537729641e+05 1.523403646789880469e+06
6.593217225098386407e+05 1.524089729257358937e+06
6.590353970099682920e+05 1.524421286967245629e+06
6.590439936498629395e+05 1.524399870194197865e+06
6.585955080620867666e+05 1.524652326913768891e+06
6.596960940149535891e+05 1.523695242803933099e+06
6.591632648758095456e+05 1.521906229116038419e+06
6.596447986505471636e+05 1.523750990648967214e+06
6.604235298632734921e+05 1.520661018266282277e+06
6.586628054850300541e+05 1.524666686990744900e+06
6.593325357193055097e+05 1.521885059841137147e+06
6.585934663375789532e+05 1.524655143391242949e+06
6.596500847003674135e+05 1.523745245750908274e+06
6.586505091070965864e+05 1.524666535962415161e+06
6.594355715700167930e+05 1.521145553751898231e+06
6.601498773541901028e+05 1.523041508562961360e+06
6.605048662584119011e+05 1.522762234718870604e+06
6.586435470105498098e+05 1.524670171317066997e+06
6.592313330418453552e+05 1.521974120726675959e+06
6.585321922033692244e+05 1.523280795769745251e+06
6.596285034665425774e+05 1.523768700334915658e+06
6.596864271116629243e+05 1.523705748778231209e+06
6.590855406662458554e+05 1.520380417139877332e+06
6.587325270323185250e+05 1.522899993450918701e+06
6.600366387013482163e+05 1.521112390973765170e+06
6.596838750446385238e+05 1.523708522362347459e+06
6.606751259899843717e+05 1.522595172565650428e+06
6.586087592645974364e+05 1.524646180979291676e+06
6.597568577625401085e+05 1.522521909942848841e+06
6.596452653573895805e+05 1.523750483430159278e+06
6.589253695177685004e+05 1.520539332292979583e+06
6.604904110136386007e+05 1.521624588564500213e+06
6.596742081512043951e+05 1.523719028340276098e+06
6.596689418628173880e+05 1.523724751746166265e+06
6.603812227758554509e+05 1.521175469290382462e+06
6.596878653055917239e+05 1.523704185750789242e+06
6.589683593340769876e+05 1.524503114242644748e+06
6.590117648559942609e+05 1.524421295041821199e+06
6.590445064831906930e+05 1.521738952339594020e+06
6.586746921655518236e+05 1.524285993062679889e+06
6.596257031344329007e+05 1.523374204958853777e+06
6.598676363940300653e+05 1.523509646374094533e+06
6.594236859243002255e+05 1.524011786410406465e+06
6.598179964855900034e+05 1.523575415285416413e+06
6.598120976289152168e+05 1.520955343421934871e+06
6.593340805443059653e+05 1.524108188312083250e+06
6.589042177593670785e+05 1.524551407317957841e+06
6.598565834543980891e+05 1.523521588424931979e+06
6.591986617161520990e+05 1.524245029102454428e+06
6.592942520097348606e+05 1.522235739783641184e+06
6.587827637684275396e+05 1.524646774661679985e+06
6.604049165411277208e+05 1.522903103688892210e+06
6.590612981646226253e+05 1.524402543842417654e+06
6.599806351479287259e+05 1.523387905395828653e+06
6.596061115711865714e+05 1.520795644173657754e+06
6.596909320366033353e+05 1.523700852831888711e+06
6.590671824093901087e+05 1.524374730478188489e+06
6.600027418306944892e+05 1.521656076723846374e+06
6.582522278308363166e+05 1.522335713940436253e+06
6.606530788722800789e+05 1.520891645484702196e+06
6.590618427632275270e+05 1.524297339757454116e+06
6.591534583482195158e+05 1.521131766603042372e+06
6.593666193578758975e+05 1.524003529662526445e+06
6.606500230957862223e+05 1.522314301453314489e+06
6.589351105752838776e+05 1.524408058460060041e+06
6.589028466235209489e+05 1.524552893837569049e+06
6.594351180443861522e+05 1.523990260642120149e+06
6.581615602858567145e+05 1.522127617167962948e+06
6.589611205569913145e+05 1.519984445901278174e+06
6.592010970022047404e+05 1.522458681168118492e+06
6.594935077500730986e+05 1.522583507158108288e+06
6.590050280780817848e+05 1.520129812203740701e+06
6.588477204135985812e+05 1.521391964780152077e+06
6.598224016429290641e+05 1.523570661770556588e+06
6.594628445024746470e+05 1.523936291046041530e+06
6.584804491656080354e+05 1.523383119175918400e+06
6.585358228523383150e+05 1.524652148776969872e+06
6.604698917546835728e+05 1.522838294998581754e+06
6.589531304974198574e+05 1.524479048987609800e+06
6.602430206634076312e+05 1.521227627842187649e+06
6.586461889119985281e+05 1.521096815315183485e+06
6.579317609045323916e+05 1.521000410083060153e+06
6.596805700182033470e+05 1.523712114263105206e+06
6.604235629956639605e+05 1.522897098789477255e+06
6.590551343354352284e+05 1.524282139173093950e+06
6.591437712976032635e+05 1.521309261143689509e+06
6.604508733689914225e+05 1.520432251286486629e+06
6.607619892596713034e+05 1.522478719707508339e+06
6.590043973799704108e+05 1.524429459021828370e+06
6.596311415446901228e+05 1.523765833256529411e+06
6.586471239799036412e+05 1.522095629525714554e+06
6.597044176066741347e+05 1.522701037577806506e+06
6.597992701642301399e+05 1.520963810989997350e+06
6.589514603448576527e+05 1.521483561519438401e+06
6.586635682686321670e+05 1.524688999194858829e+06
6.598991309887166135e+05 1.523475618397595128e+06
6.599733908480631653e+05 1.523408238951883977e+06
6.598417993929124204e+05 1.523537561756359879e+06
6.596296272207791917e+05 1.523767479032295290e+06
6.579995974414013326e+05 1.521321418030643836e+06
6.590236259569249814e+05 1.524257856984627200e+06
6.598095606660342310e+05 1.520772197965419153e+06
6.608708798621483147e+05 1.522249492541145999e+06
6.604096587920261081e+05 1.522914747066744138e+06
6.599300048755761236e+05 1.523468491541831056e+06
6.586957692215254065e+05 1.524663727329148678e+06
6.596763033941255417e+05 1.523716751229646383e+06
6.596885604253497440e+05 1.523703430295560276e+06
6.590654763330338756e+05 1.519936276642290410e+06
6.596584760714885779e+05 1.523724951468332205e+06
6.604143886235042010e+05 1.522890608016157523e+06
6.603035601278548129e+05 1.521919456720990129e+06
6.596936843340204796e+05 1.523697861640062183e+06
6.597333961997766746e+05 1.522574252452510642e+06
6.596431106893834658e+05 1.522485314372874098e+06
6.599798543102140538e+05 1.523375382545696571e+06
6.600509123219270259e+05 1.523343524405189091e+06
6.581206786298528314e+05 1.521452904920255765e+06
6.590103417217471870e+05 1.524448469319069525e+06
6.586286964546247618e+05 1.524663262148485286e+06
6.593640998026971938e+05 1.524001151743452065e+06
6.596958633510362124e+05 1.523707549707134021e+06
6.590861475656921975e+05 1.522403138822342735e+06
6.590086387899022084e+05 1.524450316823756322e+06
6.598660423512801062e+05 1.523511368642562535e+06
6.592111982303735567e+05 1.524240298588681500e+06
6.593043734231480630e+05 1.522051125753729371e+06
6.598339508308904478e+05 1.523546041688443627e+06
6.591250380344486330e+05 1.521861193275655387e+06
6.596380081640267745e+05 1.523758370579126989e+06
6.596641986492736032e+05 1.523729906676888000e+06
6.607045954528023722e+05 1.521256023361761589e+06
6.596428379625084344e+05 1.523765152137965895e+06
6.594617262573668268e+05 1.523812165915141348e+06
6.589884824225374032e+05 1.521694583586703055e+06
6.603820797573300079e+05 1.521219003545618616e+06
6.597678664685836993e+05 1.521677073103142902e+06
6.602813474547981750e+05 1.521642875553299906e+06
6.602928765993964626e+05 1.521919420082040364e+06
6.597523081561255967e+05 1.523658709260436706e+06
6.597631635623577749e+05 1.523533373841704568e+06
6.605381756992310984e+05 1.521633813671873184e+06
6.603939581147078425e+05 1.520929801567609655e+06
6.606573322764162440e+05 1.520890303827075753e+06
6.603060116067582276e+05 1.522013643168221228e+06
6.588827890869567636e+05 1.520946244259440806e+06
6.592159420348145068e+05 1.524213915428526234e+06
6.594586533170229523e+05 1.523952181330113672e+06
6.601509947441034019e+05 1.523197807883819798e+06
6.588603585693218047e+05 1.524619556088936748e+06
6.596816971124117263e+05 1.521180797165510943e+06
6.594254340284516802e+05 1.523987878996354062e+06
6.587248654682944762e+05 1.524658588390482124e+06
6.603651943247510353e+05 1.521293489643101348e+06
6.596352178109856322e+05 1.523761403148565209e+06
6.596801794470347231e+05 1.523712538735707756e+06
6.596901508937235922e+05 1.523701701776850270e+06
6.603169443942250218e+05 1.522175002404525643e+06
6.604244473990313709e+05 1.522372770636825124e+06
6.604024091348669026e+05 1.522941326962079154e+06
6.594011581966450904e+05 1.524013966047879076e+06
6.589099759346432984e+05 1.520536755012630019e+06
6.599318873812998645e+05 1.521726968704780797e+06
6.590702502339953789e+05 1.524325802755053621e+06
6.585691160166210029e+05 1.520017799820609856e+06
6.595074722970060539e+05 1.523888070903354557e+06
6.603884500136361457e+05 1.521026094207384856e+06
6.592157813632504549e+05 1.521994409979867749e+06
6.592977874299529940e+05 1.522043473285363754e+06
6.588616370321083814e+05 1.521486671172147151e+06
6.596368417028882541e+05 1.523771666003609775e+06
6.594885246576322243e+05 1.523858892472898122e+06
6.600477892579804175e+05 1.520865952837353572e+06
6.576921855759494938e+05 1.522277914069733117e+06
6.596795223963822937e+05 1.523713252818266163e+06
6.605982318082286511e+05 1.520902791734046303e+06
6.585827939270187635e+05 1.524678949321714696e+06
6.588126423016014742e+05 1.521870923763768282e+06
6.604255896126603475e+05 1.522374365944734309e+06
6.604903397175277350e+05 1.522501585284359753e+06
6.590768239509762498e+05 1.524385612889158539e+06
6.593627252902264008e+05 1.523790095286030788e+06
6.584704038450953085e+05 1.523404109653244959e+06
